CO2 H2 PES fitted from minimizing_ab_initio_points.ipynb
  73  29  4.00  0.00
        4.4000        4.6000        4.8000        5.0000        5.2000        5.4000        5.6000        5.8000        6.0000        6.2000        6.4000        6.6000        6.8000        7.0000        7.2500        7.5000        7.7500        8.0000        8.5000        9.0000        9.5000       10.0000       11.0000       12.0000       13.0000       14.0000       15.0000       20.0000       30.0000       40.0000
   0   0   0   0
 7.00620538803E+04 5.05492522713E+04 3.59361571854E+04 2.51587561444E+04 1.73241881461E+04 1.17097290029E+04 7.73583580578E+03 4.96435802685E+03 3.06078830380E+03 1.77478255089E+03 9.23102984170E+02 3.72966687859E+02 2.93297663995E+01-1.75054846237E+02-3.04908379051E+02-3.50739454430E+02-3.50333409335E+02-3.25893290756E+02-2.54357121406E+02-1.87725875452E+02-1.35142860026E+02-9.71198770000E+01-5.14539887569E+01-2.86321093478E+01-1.67024617725E+01-1.01175517465E+01-6.29978445531E+00-5.50528964850E-01 4.95909502293E-01 5.74539564658E-01
   0   0   2   2
 1.37518083386E+03 9.31707916958E+02 6.97628091937E+02 5.30203603627E+02 3.98608020387E+02 2.87562250021E+02 2.01798132354E+02 1.34922683658E+02 8.46523397788E+01 4.80476192636E+01 2.22418710716E+01 4.68156291830E+00-6.77376491562E+00-1.38307883374E+01-1.84306625726E+01-2.00320867700E+01-1.98345383913E+01-1.88471285625E+01-1.53442706740E+01-1.17094993848E+01-9.09719471933E+00-7.02968720295E+00-4.28809400462E+00-2.73081903971E+00-1.80972220902E+00-1.24051014240E+00-8.75024624048E-01-2.05258470906E-01-2.68146340154E-02-6.33964428551E-03
   0   0   4   4
 1.68612092306E+02 7.81276580592E+01 3.62055269179E+01 1.60436069301E+01 4.18171553042E+00 3.68779232043E+00 1.15504813547E+00 1.82334994702E-01 2.62704467755E-01 2.74521958308E-01 2.35608029476E-01 1.77761502613E-01 1.23041103589E-01 8.15215360823E-02 4.65638923665E-02 2.54378436550E-02-9.50302906200E-03 1.87400663776E-01 0.00000000000E+00 0.00000000000E+00 0.00000000000E+00 0.00000000000E+00 0.00000000000E+00 0.00000000000E+00 0.00000000000E+00 0.00000000000E+00 0.00000000000E+00 0.00000000000E+00 0.00000000000E+00 0.00000000000E+00
   1   0   2   2
-3.97080884568E+02-2.76136144136E+02-1.86791650365E+02-1.15014009214E+02-7.26355893848E+01-4.34064312170E+01-2.07142826885E+01-5.75354894226E+00 4.28402231618E+00 1.03289957752E+01 1.36155979646E+01 1.50551230631E+01 1.53040618941E+01 1.48258740513E+01 1.36770579654E+01 1.22666950092E+01 1.08658680041E+01 9.34222921280E+00 7.56979337850E+00 5.90754381513E+00 4.40760758122E+00 3.35021074181E+00 2.02511155159E+00 1.28748739234E+00 8.52699995253E-01 5.84085406969E-01 4.11149223673E-01 9.68618570999E-02 1.25340336956E-02 2.95726007853E-03
   1   0   4   4
-3.78023337477E+01-1.28151085550E+01-3.72966546071E+00-3.02858554620E+00-5.06038209050E+00-1.48991443478E+00-1.88651339887E+00-2.05245370183E+00-1.32636033295E+00-8.50804611238E-01-5.37535062389E-01-3.32419409066E-01-2.02607644313E-01-1.22846938950E-01-6.57738175315E-02-3.27948773673E-02-2.77734368254E-02 6.74174303102E-02 0.00000000000E+00 0.00000000000E+00 0.00000000000E+00 0.00000000000E+00 0.00000000000E+00 0.00000000000E+00 0.00000000000E+00 0.00000000000E+00 0.00000000000E+00 0.00000000000E+00 0.00000000000E+00 0.00000000000E+00
   2   0   0   2
 5.43172112471E+03 3.88589249311E+03 2.84344173259E+03 2.05915668056E+03 1.49120342393E+03 1.06225852010E+03 7.43588833400E+02 5.08620717696E+02 3.38844432011E+02 2.18537042940E+02 1.34869367378E+02 7.78519833023E+01 3.98844855982E+01 1.53039167407E+01-2.79250795373E+00-1.20145241436E+01-1.58315440983E+01-1.66996645959E+01-1.52210004621E+01-1.12886517355E+01-8.14202830506E+00-5.76560403108E+00-2.94515645663E+00-1.60095333933E+00-9.25154480315E-01-5.62554551323E-01-3.55711736129E-01-5.55006808137E-02-4.56929054977E-03-7.94596337641E-04
   2   0   2   0
 8.07928722171E+04 5.97060828890E+04 4.35561879300E+04 3.13951602634E+04 2.23524364446E+04 1.57262665372E+04 1.09357352538E+04 7.51208511479E+03 5.09159363777E+03 3.39911248014E+03 2.22836652983E+03 1.42764218099E+03 8.86752622881E+02 5.26541017373E+02 2.46236694876E+02 8.67233414120E+01 4.22780648105E-01-4.26234012479E+01-6.47454877770E+01-5.58574378546E+01-4.18777690262E+01-2.97699644104E+01-1.45737314480E+01-7.36906160724E+00-3.94864525947E+00-2.23869836938E+00-1.33202426257E+00-1.72851085368E-01-1.15529250375E-02-1.83035709935E-03
   2   0   2   2
-2.02494903143E+03-1.40071409911E+03-1.04648819349E+03-7.73654916174E+02-5.82874302997E+02-4.25334564738E+02-3.00248590685E+02-2.03892018663E+02-1.31091083016E+02-7.81998520407E+01-4.08834034369E+01-1.53729845907E+01 1.43907985539E+00 1.20064332208E+01 1.92301156480E+01 2.21863280876E+01 2.26511753692E+01 2.15789515637E+01 1.84334834949E+01 1.43987102655E+01 1.10908474263E+01 8.52463475707E+00 5.16337729341E+00 3.27440197204E+00 2.16466399303E+00 1.48183671485E+00 1.04407420536E+00 2.45248253866E-01 3.18985077949E-02 7.53210035799E-03
   2   0   2   4
 3.23772104709E+02 1.45242229274E+02 6.53820399695E+01 2.45850439741E+01 7.48529850694E+00 4.57343599894E+00 2.21487113720E+00 9.81768632785E-01 6.02973866073E-01 2.36125476396E-01-9.10050554079E-02-3.38903014641E-01-4.90266535280E-01-5.56440008405E-01-5.62093304359E-01-5.09487650707E-01-4.35263747617E-01-5.13659632829E-01 0.00000000000E+00 0.00000000000E+00 0.00000000000E+00 0.00000000000E+00 0.00000000000E+00 0.00000000000E+00 0.00000000000E+00 0.00000000000E+00 0.00000000000E+00 0.00000000000E+00 0.00000000000E+00 0.00000000000E+00
   2   0   4   2
 8.41155092749E+02 5.02346641290E+02 3.57452132913E+02 3.12721561584E+02 2.43278302161E+02 1.84759534358E+02 1.39017619528E+02 1.02599580844E+02 7.39203477040E+01 5.23967099359E+01 3.65721890080E+01 2.51460106987E+01 1.70208133061E+01 1.13159302910E+01 6.58223993091E+00 3.66155254899E+00 1.87790827569E+00 9.56570858672E-01 1.15125617138E-01-2.27835918458E-01-2.04165504910E-01-1.52759799621E-01-7.93746684865E-02-4.17696351813E-02-2.13732858572E-02-1.10807580047E-02-5.95303392495E-03 0.00000000000E+00 0.00000000000E+00 0.00000000000E+00
   2   0   4   4
-2.02468615500E+02-8.79991029990E+01-3.65710775300E+01-2.26659493202E+01-1.25867488114E+01-6.37921402152E+00-4.02584922011E+00-3.10148357726E+00-2.13170547124E+00-1.46745544791E+00-9.87786470650E-01-6.44312356247E-01-4.11376706270E-01-2.62083912418E-01-1.49675872581E-01-8.05831278294E-02-2.55873852368E-02-1.96161081654E-01 0.00000000000E+00 0.00000000000E+00 0.00000000000E+00 0.00000000000E+00 0.00000000000E+00 0.00000000000E+00 0.00000000000E+00 0.00000000000E+00 0.00000000000E+00 0.00000000000E+00 0.00000000000E+00 0.00000000000E+00
   2   0   6   4
 1.78811239851E+02 8.45146503717E+01 4.09768908239E+01 1.29347807323E+01 6.91125512740E+00 4.74906940355E+00 3.47837908540E+00 2.70819770160E+00 1.77189702650E+00 1.18054098892E+00 7.90527619121E-01 5.31040781368E-01 3.62186042456E-01 2.49826388665E-01 1.55692987962E-01 8.08397680038E-02 8.63492314387E-02-3.00090874700E-01 0.00000000000E+00 0.00000000000E+00 0.00000000000E+00 0.00000000000E+00 0.00000000000E+00 0.00000000000E+00 0.00000000000E+00 0.00000000000E+00 0.00000000000E+00 0.00000000000E+00 0.00000000000E+00 0.00000000000E+00
   3   0   2   2
 6.58982432157E+02 3.93329397621E+02 2.11496377041E+02 1.03613754800E+02 1.19868834634E+01-4.61415842563E+01-8.14688974395E+01-1.00206031779E+02-1.07759535906E+02-1.07924775832E+02-1.03568039805E+02-9.66701310249E+01-8.85602984339E+01-8.01001459210E+01-6.98255440724E+01-6.03962059930E+01-5.20190086765E+01-4.48432939764E+01-3.37872799149E+01-2.53913199122E+01-1.91905053766E+01-1.47134361200E+01-9.00022771830E+00-5.76278491712E+00-3.83232176579E+00-2.63091788517E+00-1.85543758420E+00-4.36122522049E-01-5.68501408288E-02-1.34414443503E-02
   3   0   2   4
-8.56931550946E+01-4.04209573230E+01-1.95534561036E+01-2.92131389546E+01-2.02508664553E+01-1.22118866898E+01-7.83602658191E+00-4.78400450180E+00-2.72568618771E+00-1.44237589545E+00-6.57520306005E-01-1.89961833492E-01 7.76520134589E-02 2.22177975047E-01 2.99500059142E-01 3.21341332049E-01 3.41211587364E-01 2.07572320519E-01 0.00000000000E+00 0.00000000000E+00 0.00000000000E+00 0.00000000000E+00 0.00000000000E+00 0.00000000000E+00 0.00000000000E+00 0.00000000000E+00 0.00000000000E+00 0.00000000000E+00 0.00000000000E+00 0.00000000000E+00
   3   0   4   2
-4.01252114457E+02-2.86366525639E+02-2.13653120552E+02-1.37690449891E+02-1.00883468033E+02-7.43387455008E+01-5.27336806605E+01-3.67437866109E+01-2.49788808181E+01-1.65850236892E+01-1.07277371376E+01-6.73066099064E+00-4.06429474083E+00-2.32886917044E+00-1.02586421831E+00-3.01030697967E-01 4.67344023311E-02 2.78601942091E-01 3.92508069777E-01 2.47536107362E-01 2.16775890203E-01 1.60454429418E-01 7.68226651030E-02 3.97600888117E-02 2.25389232533E-02 1.31100772374E-02 8.01566883444E-03 0.00000000000E+00 0.00000000000E+00 0.00000000000E+00
   3   0   4   4
 8.87451336472E+01 3.92909358912E+01 2.11157552577E+01-2.85462824119E+00-2.79943667233E+00-1.30194394442E+00-7.02185204588E-01-2.16196157637E-01-4.82970172156E-02 1.91625130384E-02 3.64430741565E-02 3.00564840985E-02 1.48660571181E-02-5.41465067011E-04-1.21781142651E-02-9.85352872688E-03 1.04745113709E-02-2.17029562417E-01 0.00000000000E+00 0.00000000000E+00 0.00000000000E+00 0.00000000000E+00 0.00000000000E+00 0.00000000000E+00 0.00000000000E+00 0.00000000000E+00 0.00000000000E+00 0.00000000000E+00 0.00000000000E+00 0.00000000000E+00
   3   0   6   4
-3.54480721113E+00 5.40593315542E+00 6.68240903526E+00-1.50146302090E+01-9.12687446218E+00-5.45591361428E+00-3.41457223418E+00-2.25831384191E+00-1.44988191458E+00-9.39138793504E-01-6.10087581630E-01-3.93371370465E-01-2.48526181839E-01-1.56035150076E-01-8.75706596420E-02-5.82443354508E-02-2.14785529130E-02-4.57012463972E-01 0.00000000000E+00 0.00000000000E+00 0.00000000000E+00 0.00000000000E+00 0.00000000000E+00 0.00000000000E+00 0.00000000000E+00 0.00000000000E+00 0.00000000000E+00 0.00000000000E+00 0.00000000000E+00 0.00000000000E+00
   4   0   0   4
 6.03743077537E+02 3.22842983096E+02 1.75110674122E+02 8.36385362630E+01 5.56515171999E+01 3.71655364205E+01 2.51566078353E+01 1.73731093574E+01 1.15954367483E+01 7.53293186081E+00 4.70708531889E+00 2.78713113719E+00 1.52360085513E+00 7.20596584022E-01 1.38637895263E-01-1.24937309863E-01-3.11607027782E-01-5.09369359668E-01 0.00000000000E+00 0.00000000000E+00 0.00000000000E+00 0.00000000000E+00 0.00000000000E+00 0.00000000000E+00 0.00000000000E+00 0.00000000000E+00 0.00000000000E+00 0.00000000000E+00 0.00000000000E+00 0.00000000000E+00
   4   0   2   2
 3.55274093726E+03 2.35752871418E+03 1.64091048231E+03 1.14158903364E+03 7.62601384718E+02 4.74430181276E+02 2.62536921909E+02 1.11433212374E+02 7.08107521125E+00-6.09435684742E+01-1.02353627483E+02-1.24867630086E+02-1.34417695279E+02-1.35418245020E+02-1.29407303539E+02-1.19151162498E+02-1.07217680078E+02-9.51942808085E+01-7.43611992221E+01-5.64993893748E+01-4.30116294126E+01-3.30210885304E+01-2.01432278357E+01-1.28599343957E+01-8.53661727779E+00-5.85547629571E+00-4.12862867112E+00-9.70103623819E-01-1.26410752649E-01-2.98781695097E-02
   4   0   2   4
-3.83163679661E+02-1.76318810304E+02-8.09150526317E+01-5.75395905696E+01-3.29489148377E+01-2.13957132303E+01-1.40178179699E+01-9.00243523413E+00-5.78589948561E+00-3.58884938533E+00-2.08378913482E+00-1.07684545349E+00-4.34470298564E-01-4.65880287048E-02 2.11076782791E-01 3.22952611140E-01 3.97830200094E-01 3.78894869980E-01 0.00000000000E+00 0.00000000000E+00 0.00000000000E+00 0.00000000000E+00 0.00000000000E+00 0.00000000000E+00 0.00000000000E+00 0.00000000000E+00 0.00000000000E+00 0.00000000000E+00 0.00000000000E+00 0.00000000000E+00
   4   0   4   0
 3.24608221775E+04 2.40118402631E+04 1.75260435352E+04 1.26329227855E+04 8.99779918442E+03 6.33318154915E+03 4.41680873785E+03 3.05182928206E+03 2.08876118517E+03 1.41669443710E+03 9.51727774575E+02 6.32691608434E+02 4.15591827538E+02 2.69140397609E+02 1.52476034031E+02 8.31594468447E+01 4.28246203383E+01 2.02315525436E+01 6.36528468878E-01-3.30246669587E+00-3.69048661579E+00-2.84880129391E+00-1.32943703091E+00-5.95127309840E-01-2.78906813004E-01-1.38767990962E-01-7.30056194300E-02 0.00000000000E+00 0.00000000000E+00 0.00000000000E+00
   4   0   4   2
-8.92202026766E+02-5.53337373654E+02-4.08379014562E+02-3.35114148335E+02-2.64769274496E+02-2.06158999001E+02-1.56577327295E+02-1.16545945632E+02-8.43236351551E+01-5.99118044958E+01-4.18590769760E+01-2.87843023707E+01-1.94781810020E+01-1.29522003576E+01-7.55369005579E+00-4.20916108076E+00-2.20886268542E+00-1.09133087929E+00 8.38366010754E-03 3.93427874458E-01 3.64655703540E-01 2.74177438913E-01 1.36177133348E-01 7.14053873773E-02 3.87015201268E-02 2.11422558515E-02 1.20818268194E-02 0.00000000000E+00 0.00000000000E+00 0.00000000000E+00
   4   0   4   4
 2.33688106536E+02 1.04887088916E+02 4.98336175989E+01 1.17232646573E+01 3.41271391991E+00 1.17709747207E+00 4.34322359593E-01 8.34454801295E-01 7.67865554837E-01 6.47970763037E-01 4.95515814535E-01 3.47540943549E-01 2.29199056266E-01 1.46035588837E-01 8.12555917562E-02 5.41441096862E-02 1.99564821679E-02-2.69520883536E-02 0.00000000000E+00 0.00000000000E+00 0.00000000000E+00 0.00000000000E+00 0.00000000000E+00 0.00000000000E+00 0.00000000000E+00 0.00000000000E+00 0.00000000000E+00 0.00000000000E+00 0.00000000000E+00 0.00000000000E+00
   4   0   6   2
 5.73690747997E+02 2.95154970010E+02 1.79467256780E+02 1.26749755284E+02 9.00908262119E+01 6.54984593229E+01 4.82218386741E+01 3.51155822507E+01 2.52291561737E+01 1.79308657850E+01 1.26382386755E+01 8.86044526842E+00 6.18751632236E+00 4.30410632818E+00 2.71998143373E+00 1.71199816632E+00 1.03842438345E+00 7.44235481862E-01 4.52615100909E-01 0.00000000000E+00 0.00000000000E+00 0.00000000000E+00 0.00000000000E+00 0.00000000000E+00 0.00000000000E+00 0.00000000000E+00 0.00000000000E+00 0.00000000000E+00 0.00000000000E+00 0.00000000000E+00
   4   0   6   4
-1.17538352090E+02-4.96579384220E+01-1.87275136381E+01-2.88672005562E+01-1.72772914859E+01-1.13115617379E+01-7.55300250942E+00-5.25246213465E+00-3.35958022294E+00-2.17351961608E+00-1.41134393702E+00-9.16855110707E-01-5.98282523339E-01-3.94696067512E-01-2.35600172356E-01-1.36628896609E-01-1.03564478352E-01-2.94352516017E-01 0.00000000000E+00 0.00000000000E+00 0.00000000000E+00 0.00000000000E+00 0.00000000000E+00 0.00000000000E+00 0.00000000000E+00 0.00000000000E+00 0.00000000000E+00 0.00000000000E+00 0.00000000000E+00 0.00000000000E+00
   4   0   8   4
 9.73538048347E+01 3.73874251692E+01 1.52304219551E+01 1.23080015019E+01 2.32330724665E+00 7.24629658279E-01-3.36623491440E-01-9.94517364506E-01-6.34660340966E-01-3.89743615956E-01-2.36773191155E-01-1.40330250932E-01-7.36981985335E-02-2.73566096754E-02 4.24242127316E-03 1.54454392029E-02-1.48150136082E-03 0.00000000000E+00 0.00000000000E+00 0.00000000000E+00 0.00000000000E+00 0.00000000000E+00 0.00000000000E+00 0.00000000000E+00 0.00000000000E+00 0.00000000000E+00 0.00000000000E+00 0.00000000000E+00 0.00000000000E+00 0.00000000000E+00
   5   0   2   4
 1.04968267144E+02 4.22961663395E+01 1.97350499201E+01 1.26083195338E+01 2.95804630773E+00-2.12450214697E+00-3.95614180091E+00-4.53616991087E+00-4.22038150226E+00-3.84526868558E+00-3.44729954581E+00-3.05122389508E+00-2.67294414562E+00-2.32023830690E+00-1.92276054527E+00-1.56909946187E+00-1.25204381455E+00-1.02868063193E+00 0.00000000000E+00 0.00000000000E+00 0.00000000000E+00 0.00000000000E+00 0.00000000000E+00 0.00000000000E+00 0.00000000000E+00 0.00000000000E+00 0.00000000000E+00 0.00000000000E+00 0.00000000000E+00 0.00000000000E+00
   5   0   4   2
 1.17880016239E+03 8.14696288230E+02 5.75716504531E+02 3.88562297283E+02 2.69421365105E+02 1.83056811339E+02 1.22542814105E+02 8.01255023751E+01 5.15012278441E+01 3.21684045918E+01 1.93433837338E+01 1.10095828187E+01 5.72840390262E+00 2.48222021642E+00 2.29110173192E-01-8.45033185464E-01-1.27770706821E+00-1.46174111586E+00-1.07353491233E+00-4.06632175561E-01-3.14374343644E-01-2.25511886938E-01-1.10736271535E-01-5.65961637903E-02-3.09626047236E-02-1.82241514897E-02-1.13051802487E-02 0.00000000000E+00 0.00000000000E+00 0.00000000000E+00
   5   0   4   4
-1.80998010123E+02-7.51289414937E+01-3.20129553177E+01-1.57924964819E+01-8.84788282933E+00-7.21782445371E+00-4.75147114260E+00-2.90250244028E+00-1.93702264098E+00-1.28455587869E+00-8.40738518712E-01-5.36057453177E-01-3.28592000444E-01-1.91476706773E-01-8.92459222790E-02-2.05346511850E-02-3.98105579377E-02 9.15767941421E-02 0.00000000000E+00 0.00000000000E+00 0.00000000000E+00 0.00000000000E+00 0.00000000000E+00 0.00000000000E+00 0.00000000000E+00 0.00000000000E+00 0.00000000000E+00 0.00000000000E+00 0.00000000000E+00 0.00000000000E+00
   5   0   6   2
-1.85321996959E+02-1.19322501270E+02-8.76411299557E+01-6.92861018485E+01-5.33946673799E+01-3.95963865449E+01-2.86885741050E+01-2.04337708905E+01-1.42386603449E+01-9.79400944801E+00-6.65845375088E+00-4.48209367434E+00-2.99682332316E+00-1.99649366357E+00-1.20043535424E+00-7.17461047357E-01-4.66885212429E-01-4.23177772207E-01 5.73696260572E-02 0.00000000000E+00 0.00000000000E+00 0.00000000000E+00 0.00000000000E+00 0.00000000000E+00 0.00000000000E+00 0.00000000000E+00 0.00000000000E+00 0.00000000000E+00 0.00000000000E+00 0.00000000000E+00
   5   0   6   4
 6.64728659915E+01 2.39297018319E+01 1.24808626430E+01 3.75972000345E+00 1.01922310097E+00-5.52381298551E-01-4.19139203286E-01-7.30639233299E-02 2.84141656699E-02 7.62167103564E-02 8.91380428845E-02 7.91975452709E-02 5.73848045586E-02 3.66566032242E-02 1.91120573014E-02 1.13118807533E-02-3.58870867651E-04 6.19281717086E-02 0.00000000000E+00 0.00000000000E+00 0.00000000000E+00 0.00000000000E+00 0.00000000000E+00 0.00000000000E+00 0.00000000000E+00 0.00000000000E+00 0.00000000000E+00 0.00000000000E+00 0.00000000000E+00 0.00000000000E+00
   5   0   8   4
-3.21428325095E+01-1.27119759696E+01-5.93511035500E+00 7.45608779214E+00-1.42281442776E+00-7.83278500216E-01-1.21390533075E+00-1.06763256104E+00-6.51620881355E-01-4.02498231581E-01-2.51431149759E-01-1.56252137986E-01-9.58884342863E-02-5.71484237073E-02-2.79132441880E-02-1.57370502331E-02 3.56242005071E-03 0.00000000000E+00 0.00000000000E+00 0.00000000000E+00 0.00000000000E+00 0.00000000000E+00 0.00000000000E+00 0.00000000000E+00 0.00000000000E+00 0.00000000000E+00 0.00000000000E+00 0.00000000000E+00 0.00000000000E+00 0.00000000000E+00
   6   0   2   4
 6.23624168315E+02 2.77033205306E+02 1.27087170140E+02 7.96823069991E+01 3.70180520364E+01 1.82318943591E+01 8.02698684920E+00 2.17247014404E+00-4.51102125500E-01-2.06167140662E+00-2.99662014629E+00-3.45097560058E+00-3.56139916874E+00-3.44318377474E+00-3.11985557189E+00-2.70284099072E+00-2.29520343175E+00-1.99480416478E+00 0.00000000000E+00 0.00000000000E+00 0.00000000000E+00 0.00000000000E+00 0.00000000000E+00 0.00000000000E+00 0.00000000000E+00 0.00000000000E+00 0.00000000000E+00 0.00000000000E+00 0.00000000000E+00 0.00000000000E+00
   6   0   4   2
 2.80149284248E+03 1.84745625782E+03 1.32225003925E+03 9.74709329690E+02 7.15724131369E+02 5.17834617528E+02 3.69574944570E+02 2.59138875002E+02 1.78262811817E+02 1.20382548149E+02 7.96872113767E+01 5.15707136055E+01 3.24767866606E+01 1.97277012754E+01 9.78373222360E+00 4.08061008780E+00 9.50224962799E-01-6.87693118561E-01-1.47256523125E+00-1.01938341386E+00-8.54082229602E-01-6.26589639019E-01-3.10813139686E-01-1.60968745461E-01-8.71476032598E-02-4.92146568264E-02-2.92272587811E-02 0.00000000000E+00 0.00000000000E+00 0.00000000000E+00
   6   0   4   4
-3.77492609698E+02-1.59777118911E+02-6.90670078245E+01-2.92522844370E+01-1.27714794335E+01-9.14790467862E+00-5.51172175543E+00-3.63149553303E+00-2.61118319038E+00-1.87355133531E+00-1.31229136703E+00-8.87872799738E-01-5.83353308145E-01-3.77174937307E-01-2.17465438035E-01-1.11657011667E-01-1.04857221166E-01 8.82648243600E-02 0.00000000000E+00 0.00000000000E+00 0.00000000000E+00 0.00000000000E+00 0.00000000000E+00 0.00000000000E+00 0.00000000000E+00 0.00000000000E+00 0.00000000000E+00 0.00000000000E+00 0.00000000000E+00 0.00000000000E+00
   6   0   6   0
 1.01772553927E+04 7.33520424920E+03 5.23624589177E+03 3.77395992772E+03 2.62582654495E+03 1.81162967997E+03 1.23858937281E+03 8.41589764087E+02 5.68766320487E+02 3.82220402166E+02 2.55469376204E+02 1.69798491029E+02 1.12170624045E+02 7.35960789392E+01 4.29911747133E+01 2.47827347509E+01 1.40072795920E+01 8.77416209837E+00 2.17118297886E+00 0.00000000000E+00 0.00000000000E+00 0.00000000000E+00 0.00000000000E+00 0.00000000000E+00 0.00000000000E+00 0.00000000000E+00 0.00000000000E+00 0.00000000000E+00 0.00000000000E+00 0.00000000000E+00
   6   0   6   2
-4.52534855670E+02-2.23297679959E+02-1.40301660586E+02-1.05114379213E+02-8.21532158981E+01-6.37456750086E+01-4.92131729794E+01-3.69758914678E+01-2.69580022056E+01-1.93216436582E+01-1.36666157692E+01-9.57740318841E+00-6.66678254875E+00-4.61313489687E+00-2.88934663660E+00-1.78348480247E+00-1.10986382245E+00-8.98676445029E-01-8.47185471409E-02 0.00000000000E+00 0.00000000000E+00 0.00000000000E+00 0.00000000000E+00 0.00000000000E+00 0.00000000000E+00 0.00000000000E+00 0.00000000000E+00 0.00000000000E+00 0.00000000000E+00 0.00000000000E+00
   6   0   6   4
 1.09627979517E+02 3.89429860520E+01 1.73512850292E+01 2.88525713459E+01 1.59139679030E+01 8.73313518015E+00 5.80113642319E+00 4.22345133118E+00 2.73970137600E+00 1.80524445151E+00 1.19571729958E+00 7.89987467585E-01 5.19980395666E-01 3.43814560668E-01 2.03864698110E-01 1.09877981107E-01 9.58775865507E-02 2.11395870546E-01 0.00000000000E+00 0.00000000000E+00 0.00000000000E+00 0.00000000000E+00 0.00000000000E+00 0.00000000000E+00 0.00000000000E+00 0.00000000000E+00 0.00000000000E+00 0.00000000000E+00 0.00000000000E+00 0.00000000000E+00
   6   0   8   2
 3.73326866358E+02 1.76970565401E+02 9.63248121326E+01 7.16667848469E+01 4.12322000435E+01 2.71712759459E+01 1.75420248691E+01 1.12801094377E+01 7.66202427837E+00 5.16438639662E+00 3.47410228995E+00 2.35626626160E+00 1.61543045396E+00 1.10962638857E+00 6.86525848723E-01 4.17352521138E-01 2.78545853906E-01 0.00000000000E+00 0.00000000000E+00 0.00000000000E+00 0.00000000000E+00 0.00000000000E+00 0.00000000000E+00 0.00000000000E+00 0.00000000000E+00 0.00000000000E+00 0.00000000000E+00 0.00000000000E+00 0.00000000000E+00 0.00000000000E+00
   6   0   8   4
-9.41396536043E+01-4.03711587929E+01-1.95391940920E+01 7.76496694604E+00 2.98432039281E+00 2.65813222698E+00 1.61324250413E+00 1.86233031908E+00 1.20477495728E+00 7.70175394203E-01 4.95160645880E-01 3.19336615170E-01 1.98331793068E-01 1.14883664690E-01 5.31834390761E-02 7.25624112351E-03 4.30044168030E-02 0.00000000000E+00 0.00000000000E+00 0.00000000000E+00 0.00000000000E+00 0.00000000000E+00 0.00000000000E+00 0.00000000000E+00 0.00000000000E+00 0.00000000000E+00 0.00000000000E+00 0.00000000000E+00 0.00000000000E+00 0.00000000000E+00
   6   0  10   4
 1.18157181356E+02 4.58616849464E+01 1.64909188104E+01 0.00000000000E+00 0.00000000000E+00 0.00000000000E+00 0.00000000000E+00 0.00000000000E+00 0.00000000000E+00 0.00000000000E+00 0.00000000000E+00 0.00000000000E+00 0.00000000000E+00 0.00000000000E+00 0.00000000000E+00 0.00000000000E+00 0.00000000000E+00 0.00000000000E+00 0.00000000000E+00 0.00000000000E+00 0.00000000000E+00 0.00000000000E+00 0.00000000000E+00 0.00000000000E+00 0.00000000000E+00 0.00000000000E+00 0.00000000000E+00 0.00000000000E+00 0.00000000000E+00 0.00000000000E+00
   7   0   4   4
 2.32686563454E+02 1.09307372305E+02 5.40933850244E+01 1.76816222276E+01 1.10238571676E+01 6.85914162886E+00 4.49556210076E+00 3.29852852543E+00 2.21702773748E+00 1.44628892399E+00 9.03513705932E-01 5.27210953266E-01 2.71748713078E-01 1.06887197827E-01-8.60111674777E-03-5.51500739171E-02-9.29846655257E-02 1.05753543306E-01 0.00000000000E+00 0.00000000000E+00 0.00000000000E+00 0.00000000000E+00 0.00000000000E+00 0.00000000000E+00 0.00000000000E+00 0.00000000000E+00 0.00000000000E+00 0.00000000000E+00 0.00000000000E+00 0.00000000000E+00
   7   0   6   2
 7.78890961774E+02 5.04898144064E+02 3.45426147210E+02 2.52957956432E+02 1.74385171254E+02 1.19002873235E+02 8.01914222446E+01 5.39418262770E+01 3.62753635022E+01 2.42823811714E+01 1.61785275916E+01 1.07351480384E+01 7.10973570017E+00 4.71577819071E+00 2.84360954821E+00 1.75380290305E+00 1.09665589400E+00 8.13845350753E-01 6.40645733393E-01 0.00000000000E+00 0.00000000000E+00 0.00000000000E+00 0.00000000000E+00 0.00000000000E+00 0.00000000000E+00 0.00000000000E+00 0.00000000000E+00 0.00000000000E+00 0.00000000000E+00 0.00000000000E+00
   7   0   6   4
-2.01870496625E+02-9.62713061893E+01-4.36762035715E+01 6.24478756488E+00 4.42782973974E+00 1.88354629633E+00 1.01760518163E+00 2.93493299011E-01 6.83170492941E-02-4.65183317970E-02-9.06376892430E-02-9.24640590246E-02-7.40627899958E-02-5.19241118591E-02-3.27617672424E-02-3.25088439610E-02 8.08064701518E-03 1.47942731661E-02 0.00000000000E+00 0.00000000000E+00 0.00000000000E+00 0.00000000000E+00 0.00000000000E+00 0.00000000000E+00 0.00000000000E+00 0.00000000000E+00 0.00000000000E+00 0.00000000000E+00 0.00000000000E+00 0.00000000000E+00
   7   0   8   2
-1.05026215190E+02-5.75045347654E+01-3.53740437488E+01-2.13125073473E+01-1.89658574398E+01-1.39396941615E+01-1.03736606721E+01-7.36302358372E+00-5.08222442120E+00-3.45367923947E+00-2.31097299148E+00-1.53077494321E+00-1.01347576711E+00-6.76376065578E-01-4.14398121464E-01-2.66636392946E-01-1.50934013239E-01 0.00000000000E+00 0.00000000000E+00 0.00000000000E+00 0.00000000000E+00 0.00000000000E+00 0.00000000000E+00 0.00000000000E+00 0.00000000000E+00 0.00000000000E+00 0.00000000000E+00 0.00000000000E+00 0.00000000000E+00 0.00000000000E+00
   7   0   8   4
 3.05062004407E+01 9.02451124349E-01-5.98814183165E+00 1.28879525629E+01 1.16436384880E+01 7.69472423645E+00 5.54185874765E+00 4.99001859011E+00 3.14075659050E+00 1.99546856360E+00 1.28338772472E+00 8.30931546489E-01 5.35999794117E-01 3.42522590593E-01 1.93660159901E-01 7.89955551649E-02 7.97437402893E-02 0.00000000000E+00 0.00000000000E+00 0.00000000000E+00 0.00000000000E+00 0.00000000000E+00 0.00000000000E+00 0.00000000000E+00 0.00000000000E+00 0.00000000000E+00 0.00000000000E+00 0.00000000000E+00 0.00000000000E+00 0.00000000000E+00
   7   0  10   4
-2.92287013475E-01 5.82514506001E-02-3.37053785200E+00 0.00000000000E+00 0.00000000000E+00 0.00000000000E+00 0.00000000000E+00 0.00000000000E+00 0.00000000000E+00 0.00000000000E+00 0.00000000000E+00 0.00000000000E+00 0.00000000000E+00 0.00000000000E+00 0.00000000000E+00 0.00000000000E+00 0.00000000000E+00 0.00000000000E+00 0.00000000000E+00 0.00000000000E+00 0.00000000000E+00 0.00000000000E+00 0.00000000000E+00 0.00000000000E+00 0.00000000000E+00 0.00000000000E+00 0.00000000000E+00 0.00000000000E+00 0.00000000000E+00 0.00000000000E+00
   8   0   4   4
 7.63488002285E+02 3.41058564721E+02 1.58099577927E+02 5.86731163294E+01 2.96981762000E+01 1.90858755655E+01 1.17831956859E+01 8.37804758205E+00 5.86382735303E+00 4.04059696774E+00 2.69248783928E+00 1.70929744698E+00 1.02066803461E+00 5.65500848649E-01 2.29591436111E-01 5.36423828201E-02-2.94686473925E-02 1.29716967210E-01 0.00000000000E+00 0.00000000000E+00 0.00000000000E+00 0.00000000000E+00 0.00000000000E+00 0.00000000000E+00 0.00000000000E+00 0.00000000000E+00 0.00000000000E+00 0.00000000000E+00 0.00000000000E+00 0.00000000000E+00
   8   0   6   2
 1.69365482048E+03 1.00718831328E+03 6.69582086248E+02 4.90646107913E+02 3.47785654455E+02 2.45610390463E+02 1.72556358706E+02 1.20491446078E+02 8.34804815753E+01 5.73983102651E+01 3.92021272050E+01 2.66396987104E+01 1.80488810197E+01 1.22154656468E+01 7.50780491294E+00 4.64483474518E+00 2.88753057665E+00 2.19876928850E+00 1.13316398734E+00 0.00000000000E+00 0.00000000000E+00 0.00000000000E+00 0.00000000000E+00 0.00000000000E+00 0.00000000000E+00 0.00000000000E+00 0.00000000000E+00 0.00000000000E+00 0.00000000000E+00 0.00000000000E+00
   8   0   6   4
-2.62977836704E+02-1.18204711606E+02-5.12099187703E+01-7.39032509190E+00-2.83721009527E+00-2.64277188032E+00-2.32094075796E+00-2.40710445814E+00-1.64584843024E+00-1.15800801171E+00-8.15454317059E-01-5.64831776842E-01-3.84752756137E-01-2.61833428923E-01-1.62965783857E-01-1.02027583037E-01-6.38504211268E-02-2.01211754173E-01 0.00000000000E+00 0.00000000000E+00 0.00000000000E+00 0.00000000000E+00 0.00000000000E+00 0.00000000000E+00 0.00000000000E+00 0.00000000000E+00 0.00000000000E+00 0.00000000000E+00 0.00000000000E+00 0.00000000000E+00
   8   0   8   0
 3.18329757728E+03 2.11793132684E+03 1.42079364086E+03 1.07373404394E+03 7.04073235715E+02 4.62580021417E+02 3.03506980527E+02 1.97681132288E+02 1.28822188381E+02 8.38490580983E+01 5.45653064707E+01 3.54987028274E+01 2.30594085919E+01 1.49296807439E+01 8.60655358938E+00 4.92601999123E+00 2.79196381800E+00 0.00000000000E+00 0.00000000000E+00 0.00000000000E+00 0.00000000000E+00 0.00000000000E+00 0.00000000000E+00 0.00000000000E+00 0.00000000000E+00 0.00000000000E+00 0.00000000000E+00 0.00000000000E+00 0.00000000000E+00 0.00000000000E+00
   8   0   8   2
-2.83697152048E+02-1.26985891904E+02-6.59893061729E+01-3.56756902939E+01-2.67241198371E+01-2.00992362847E+01-1.47700311119E+01-1.01535132331E+01-7.24546465973E+00-5.03694961734E+00-3.44372392563E+00-2.35253899947E+00-1.62079074162E+00-1.12044036792E+00-7.00709252537E-01-4.44914284388E-01-2.70701424431E-01 0.00000000000E+00 0.00000000000E+00 0.00000000000E+00 0.00000000000E+00 0.00000000000E+00 0.00000000000E+00 0.00000000000E+00 0.00000000000E+00 0.00000000000E+00 0.00000000000E+00 0.00000000000E+00 0.00000000000E+00 0.00000000000E+00
   8   0   8   4
 6.27648969134E+01 1.13526558956E+01-2.78527324851E+00-4.55898785344E+00 2.65943265846E+00 2.03781753236E+00 2.51576277709E+00 2.83711839180E+00 1.75951060801E+00 1.10992247573E+00 7.07711336396E-01 4.56433016493E-01 3.03530019033E-01 2.10405534103E-01 1.36375242551E-01 5.65367578768E-02 4.07229537289E-02 0.00000000000E+00 0.00000000000E+00 0.00000000000E+00 0.00000000000E+00 0.00000000000E+00 0.00000000000E+00 0.00000000000E+00 0.00000000000E+00 0.00000000000E+00 0.00000000000E+00 0.00000000000E+00 0.00000000000E+00 0.00000000000E+00
   8   0  10   2
 2.27585904797E+02 1.05991845100E+02 4.98327921281E+01 0.00000000000E+00 0.00000000000E+00 0.00000000000E+00 0.00000000000E+00 0.00000000000E+00 0.00000000000E+00 0.00000000000E+00 0.00000000000E+00 0.00000000000E+00 0.00000000000E+00 0.00000000000E+00 0.00000000000E+00 0.00000000000E+00 0.00000000000E+00 0.00000000000E+00 0.00000000000E+00 0.00000000000E+00 0.00000000000E+00 0.00000000000E+00 0.00000000000E+00 0.00000000000E+00 0.00000000000E+00 0.00000000000E+00 0.00000000000E+00 0.00000000000E+00 0.00000000000E+00 0.00000000000E+00
   8   0  10   4
-7.15514955851E+01-2.78228313442E+01-1.53741389592E+01 0.00000000000E+00 0.00000000000E+00 0.00000000000E+00 0.00000000000E+00 0.00000000000E+00 0.00000000000E+00 0.00000000000E+00 0.00000000000E+00 0.00000000000E+00 0.00000000000E+00 0.00000000000E+00 0.00000000000E+00 0.00000000000E+00 0.00000000000E+00 0.00000000000E+00 0.00000000000E+00 0.00000000000E+00 0.00000000000E+00 0.00000000000E+00 0.00000000000E+00 0.00000000000E+00 0.00000000000E+00 0.00000000000E+00 0.00000000000E+00 0.00000000000E+00 0.00000000000E+00 0.00000000000E+00
   9   0   6   4
 2.71525709509E+02 1.20643752421E+02 5.90925419428E+01 3.47983040921E+01 2.00604882877E+01 1.14089282297E+01 7.03820928835E+00 4.59971058948E+00 3.10917612619E+00 2.11589866668E+00 1.44333361741E+00 9.78827254863E-01 6.53317447895E-01 4.26440298575E-01 2.43982074316E-01 1.43845503578E-01 7.99243242925E-02-1.42864437013E-01 0.00000000000E+00 0.00000000000E+00 0.00000000000E+00 0.00000000000E+00 0.00000000000E+00 0.00000000000E+00 0.00000000000E+00 0.00000000000E+00 0.00000000000E+00 0.00000000000E+00 0.00000000000E+00 0.00000000000E+00
   9   0   8   2
 4.48831522782E+02 2.56724864854E+02 1.60836200520E+02 1.37620275353E+02 8.50571638859E+01 5.43781799332E+01 3.49821585906E+01 2.30621541272E+01 1.50397829297E+01 9.83825703911E+00 6.43776450479E+00 4.20528281426E+00 2.74677888601E+00 1.80480559746E+00 1.08443621398E+00 6.58601797605E-01 4.19046291481E-01 0.00000000000E+00 0.00000000000E+00 0.00000000000E+00 0.00000000000E+00 0.00000000000E+00 0.00000000000E+00 0.00000000000E+00 0.00000000000E+00 0.00000000000E+00 0.00000000000E+00 0.00000000000E+00 0.00000000000E+00 0.00000000000E+00
   9   0   8   4
-1.05088636207E+02-4.43346858637E+01-2.12613514222E+01-3.55021582775E+01-2.00111597851E+01-1.11945790159E+01-5.97249612754E+00-3.20762145673E+00-2.02319590413E+00-1.30018984448E+00-8.52387453934E-01-5.59881712135E-01-3.59295234202E-01-2.21351269588E-01-1.15715419075E-01-7.41695114096E-02-5.05795284889E-02 0.00000000000E+00 0.00000000000E+00 0.00000000000E+00 0.00000000000E+00 0.00000000000E+00 0.00000000000E+00 0.00000000000E+00 0.00000000000E+00 0.00000000000E+00 0.00000000000E+00 0.00000000000E+00 0.00000000000E+00 0.00000000000E+00
   9   0  10   2
-6.71083958524E+01-2.53057407038E+01-1.68587685537E+01 0.00000000000E+00 0.00000000000E+00 0.00000000000E+00 0.00000000000E+00 0.00000000000E+00 0.00000000000E+00 0.00000000000E+00 0.00000000000E+00 0.00000000000E+00 0.00000000000E+00 0.00000000000E+00 0.00000000000E+00 0.00000000000E+00 0.00000000000E+00 0.00000000000E+00 0.00000000000E+00 0.00000000000E+00 0.00000000000E+00 0.00000000000E+00 0.00000000000E+00 0.00000000000E+00 0.00000000000E+00 0.00000000000E+00 0.00000000000E+00 0.00000000000E+00 0.00000000000E+00 0.00000000000E+00
   9   0  10   4
 2.85881815267E+01 9.88189878618E+00-1.89921830938E-01 0.00000000000E+00 0.00000000000E+00 0.00000000000E+00 0.00000000000E+00 0.00000000000E+00 0.00000000000E+00 0.00000000000E+00 0.00000000000E+00 0.00000000000E+00 0.00000000000E+00 0.00000000000E+00 0.00000000000E+00 0.00000000000E+00 0.00000000000E+00 0.00000000000E+00 0.00000000000E+00 0.00000000000E+00 0.00000000000E+00 0.00000000000E+00 0.00000000000E+00 0.00000000000E+00 0.00000000000E+00 0.00000000000E+00 0.00000000000E+00 0.00000000000E+00 0.00000000000E+00 0.00000000000E+00
  10   0   6   4
 6.57091697577E+02 2.90784199183E+02 1.35469198865E+02 6.77773382214E+01 3.77483339945E+01 2.26203152686E+01 1.48219597157E+01 1.06548094238E+01 7.14158495161E+00 4.85002472498E+00 3.30394563844E+00 2.23636997790E+00 1.49578229984E+00 9.89204878382E-01 5.82467901350E-01 3.43153490300E-01 2.17911681626E-01 3.19063219099E-02 0.00000000000E+00 0.00000000000E+00 0.00000000000E+00 0.00000000000E+00 0.00000000000E+00 0.00000000000E+00 0.00000000000E+00 0.00000000000E+00 0.00000000000E+00 0.00000000000E+00 0.00000000000E+00 0.00000000000E+00
  10   0   8   2
 9.99073798954E+02 5.27448424235E+02 3.13342574654E+02 2.46177178072E+02 1.55056924057E+02 1.02033705541E+02 6.72520592520E+01 4.45905995331E+01 2.97314751646E+01 1.97619941563E+01 1.30941342697E+01 8.67451043489E+00 5.76692699532E+00 3.85498239719E+00 2.34736800714E+00 1.44248218433E+00 9.11914673644E-01 0.00000000000E+00 0.00000000000E+00 0.00000000000E+00 0.00000000000E+00 0.00000000000E+00 0.00000000000E+00 0.00000000000E+00 0.00000000000E+00 0.00000000000E+00 0.00000000000E+00 0.00000000000E+00 0.00000000000E+00 0.00000000000E+00
  10   0   8   4
-9.87998122347E+01-2.75117530845E+01-6.47708912422E+00-2.55695094603E+01-1.99367329117E+01-1.12592055289E+01-7.29318054564E+00-4.81808941691E+00-3.01309318778E+00-1.91578642987E+00-1.23197145842E+00-7.92999636688E-01-5.11439878963E-01-3.30723371608E-01-1.93076837629E-01-1.10024253711E-01-7.36376177390E-02 0.00000000000E+00 0.00000000000E+00 0.00000000000E+00 0.00000000000E+00 0.00000000000E+00 0.00000000000E+00 0.00000000000E+00 0.00000000000E+00 0.00000000000E+00 0.00000000000E+00 0.00000000000E+00 0.00000000000E+00 0.00000000000E+00
  10   0  10   0
 1.21598734764E+03 7.27594499728E+02 4.36407212176E+02 0.00000000000E+00 0.00000000000E+00 0.00000000000E+00 0.00000000000E+00 0.00000000000E+00 0.00000000000E+00 0.00000000000E+00 0.00000000000E+00 0.00000000000E+00 0.00000000000E+00 0.00000000000E+00 0.00000000000E+00 0.00000000000E+00 0.00000000000E+00 0.00000000000E+00 0.00000000000E+00 0.00000000000E+00 0.00000000000E+00 0.00000000000E+00 0.00000000000E+00 0.00000000000E+00 0.00000000000E+00 0.00000000000E+00 0.00000000000E+00 0.00000000000E+00 0.00000000000E+00 0.00000000000E+00
  10   0  10   2
-1.59451763794E+02-5.83362810678E+01-2.81141746333E+01 0.00000000000E+00 0.00000000000E+00 0.00000000000E+00 0.00000000000E+00 0.00000000000E+00 0.00000000000E+00 0.00000000000E+00 0.00000000000E+00 0.00000000000E+00 0.00000000000E+00 0.00000000000E+00 0.00000000000E+00 0.00000000000E+00 0.00000000000E+00 0.00000000000E+00 0.00000000000E+00 0.00000000000E+00 0.00000000000E+00 0.00000000000E+00 0.00000000000E+00 0.00000000000E+00 0.00000000000E+00 0.00000000000E+00 0.00000000000E+00 0.00000000000E+00 0.00000000000E+00 0.00000000000E+00
  10   0  10   4
 5.74998642183E+01 2.02389277682E+01 5.25063346439E+00 0.00000000000E+00 0.00000000000E+00 0.00000000000E+00 0.00000000000E+00 0.00000000000E+00 0.00000000000E+00 0.00000000000E+00 0.00000000000E+00 0.00000000000E+00 0.00000000000E+00 0.00000000000E+00 0.00000000000E+00 0.00000000000E+00 0.00000000000E+00 0.00000000000E+00 0.00000000000E+00 0.00000000000E+00 0.00000000000E+00 0.00000000000E+00 0.00000000000E+00 0.00000000000E+00 0.00000000000E+00 0.00000000000E+00 0.00000000000E+00 0.00000000000E+00 0.00000000000E+00 0.00000000000E+00
  11   0   8   4
 2.52853228070E+02 1.15064723424E+02 5.69554778533E+01 3.20158823813E+01 1.20027008927E+01 6.56907250162E+00 2.30807508123E+00 5.91504112828E-01 3.67283041082E-01 2.61746551622E-01 2.10409543529E-01 1.73349242120E-01 1.32957766297E-01 9.39137828131E-02 5.49362821471E-02 3.81788778280E-02 7.07032003263E-03 0.00000000000E+00 0.00000000000E+00 0.00000000000E+00 0.00000000000E+00 0.00000000000E+00 0.00000000000E+00 0.00000000000E+00 0.00000000000E+00 0.00000000000E+00 0.00000000000E+00 0.00000000000E+00 0.00000000000E+00 0.00000000000E+00
  11   0  10   2
 3.05991165015E+02 1.63762816208E+02 9.10159888283E+01 0.00000000000E+00 0.00000000000E+00 0.00000000000E+00 0.00000000000E+00 0.00000000000E+00 0.00000000000E+00 0.00000000000E+00 0.00000000000E+00 0.00000000000E+00 0.00000000000E+00 0.00000000000E+00 0.00000000000E+00 0.00000000000E+00 0.00000000000E+00 0.00000000000E+00 0.00000000000E+00 0.00000000000E+00 0.00000000000E+00 0.00000000000E+00 0.00000000000E+00 0.00000000000E+00 0.00000000000E+00 0.00000000000E+00 0.00000000000E+00 0.00000000000E+00 0.00000000000E+00 0.00000000000E+00
  11   0  10   4
-8.92486818784E+01-3.46235539285E+01-1.41525690091E+01 0.00000000000E+00 0.00000000000E+00 0.00000000000E+00 0.00000000000E+00 0.00000000000E+00 0.00000000000E+00 0.00000000000E+00 0.00000000000E+00 0.00000000000E+00 0.00000000000E+00 0.00000000000E+00 0.00000000000E+00 0.00000000000E+00 0.00000000000E+00 0.00000000000E+00 0.00000000000E+00 0.00000000000E+00 0.00000000000E+00 0.00000000000E+00 0.00000000000E+00 0.00000000000E+00 0.00000000000E+00 0.00000000000E+00 0.00000000000E+00 0.00000000000E+00 0.00000000000E+00 0.00000000000E+00
  12   0   8   4
 4.63637109341E+02 1.90948857202E+02 8.59811751657E+01 6.23722942464E+01 3.23907975187E+01 1.78891684839E+01 9.20357241846E+00 4.88464255832E+00 3.03822422622E+00 1.96847730905E+00 1.32246874947E+00 9.03729363782E-01 6.17494884926E-01 4.19288550642E-01 2.54294023522E-01 1.54614436645E-01 7.10974804189E-02 0.00000000000E+00 0.00000000000E+00 0.00000000000E+00 0.00000000000E+00 0.00000000000E+00 0.00000000000E+00 0.00000000000E+00 0.00000000000E+00 0.00000000000E+00 0.00000000000E+00 0.00000000000E+00 0.00000000000E+00 0.00000000000E+00
  12   0  10   2
 6.36641305842E+02 3.11896690517E+02 1.66365213864E+02 0.00000000000E+00 0.00000000000E+00 0.00000000000E+00 0.00000000000E+00 0.00000000000E+00 0.00000000000E+00 0.00000000000E+00 0.00000000000E+00 0.00000000000E+00 0.00000000000E+00 0.00000000000E+00 0.00000000000E+00 0.00000000000E+00 0.00000000000E+00 0.00000000000E+00 0.00000000000E+00 0.00000000000E+00 0.00000000000E+00 0.00000000000E+00 0.00000000000E+00 0.00000000000E+00 0.00000000000E+00 0.00000000000E+00 0.00000000000E+00 0.00000000000E+00 0.00000000000E+00 0.00000000000E+00
  12   0  10   4
-8.88677408902E+01-2.91990546684E+01-9.16676020255E+00 0.00000000000E+00 0.00000000000E+00 0.00000000000E+00 0.00000000000E+00 0.00000000000E+00 0.00000000000E+00 0.00000000000E+00 0.00000000000E+00 0.00000000000E+00 0.00000000000E+00 0.00000000000E+00 0.00000000000E+00 0.00000000000E+00 0.00000000000E+00 0.00000000000E+00 0.00000000000E+00 0.00000000000E+00 0.00000000000E+00 0.00000000000E+00 0.00000000000E+00 0.00000000000E+00 0.00000000000E+00 0.00000000000E+00 0.00000000000E+00 0.00000000000E+00 0.00000000000E+00 0.00000000000E+00
  13   0  10   4
 2.13764525347E+02 9.23344810945E+01 4.07438342721E+01 0.00000000000E+00 0.00000000000E+00 0.00000000000E+00 0.00000000000E+00 0.00000000000E+00 0.00000000000E+00 0.00000000000E+00 0.00000000000E+00 0.00000000000E+00 0.00000000000E+00 0.00000000000E+00 0.00000000000E+00 0.00000000000E+00 0.00000000000E+00 0.00000000000E+00 0.00000000000E+00 0.00000000000E+00 0.00000000000E+00 0.00000000000E+00 0.00000000000E+00 0.00000000000E+00 0.00000000000E+00 0.00000000000E+00 0.00000000000E+00 0.00000000000E+00 0.00000000000E+00 0.00000000000E+00
  14   0  10   4
 3.99091971628E+02 1.62567598063E+02 6.77571097461E+01 0.00000000000E+00 0.00000000000E+00 0.00000000000E+00 0.00000000000E+00 0.00000000000E+00 0.00000000000E+00 0.00000000000E+00 0.00000000000E+00 0.00000000000E+00 0.00000000000E+00 0.00000000000E+00 0.00000000000E+00 0.00000000000E+00 0.00000000000E+00 0.00000000000E+00 0.00000000000E+00 0.00000000000E+00 0.00000000000E+00 0.00000000000E+00 0.00000000000E+00 0.00000000000E+00 0.00000000000E+00 0.00000000000E+00 0.00000000000E+00 0.00000000000E+00 0.00000000000E+00 0.00000000000E+00
