     9.00000     125.890     141.230      35.890      -14.055170 
     9.00000     133.160     128.650      96.920      -30.730582 
     9.00000      55.300      22.560     171.660      -40.364989 
     9.00000     179.920      28.770      39.150      -72.589904 
     9.00000     157.020      29.250      38.560      -71.366287 
     9.00000     138.750      76.500     178.430      -19.457522 
     9.00000     154.680      26.790     164.010      -49.726883 
     9.00000     150.830       6.840      55.180      -68.160388 
     9.00000      77.390      54.590     141.220      -25.349668 
     9.00000     144.750      88.510      56.930      -24.215475 
     9.00000     114.770      19.090      56.720      -21.803996 
     9.00000     156.620      72.220     101.230      -26.744958 
     9.00000     165.500      55.240     166.410      -34.476718 
     9.00000      71.900     112.040      55.350      -25.836027 
     9.00000      83.070      94.060      32.370      -27.670621 
     9.00000      76.530      21.010     112.740      -11.368979 
     9.00000      94.500       9.250      80.270       -4.466010 
     9.00000     137.190      55.370      24.460      -48.037312 
     9.00000     112.590      77.040       3.410      -33.464542 
     9.00000     132.460      71.630     135.140      -18.083201 
     9.00000      70.050      92.460      15.090      -29.402620 
     9.00000     154.440     152.320     178.680      -73.547587 
     9.00000      86.860      51.170      80.540      -14.223392 
     9.00000      11.910     142.740     110.460      -58.777784 
     9.00000     153.990       2.870     148.930      -69.136515 
     9.00000     168.770     155.340     145.540      -78.327909 
     9.00000      34.460     128.010      72.060      -41.396488 
     9.00000      25.660     144.500      27.270      -67.808397 
     9.00000     148.120      37.470      55.100      -57.423687 
     9.00000     124.130      37.670      78.130      -28.353767 
     9.00000     148.650     148.180      89.470      -51.512927 
     9.00000      58.930     167.570      58.110      -27.052630 
     9.00000      79.400     116.100      87.780      -18.370338 
     9.00000     151.990      56.040      82.220      -38.695827 
     9.00000     115.660      58.580     103.150      -17.456192 
     9.00000     132.730     136.390      18.060      -15.419753 
     9.00000     135.900      39.950     131.810      -23.149669 
     9.00000     135.070     138.620      17.140      -17.609556 
     9.00000      84.340      95.130      38.390      -26.750085 
     9.00000      41.300      76.970     149.010      -33.327158 
     9.00000      17.800     121.920     114.720      -34.994199 
     9.00000      73.850      44.620     109.720      -18.628364 
     9.00000      76.240      36.980     152.330      -22.000136 
     9.00000     135.550     165.740      96.610      -43.412830 
     9.00000     153.510     170.150      51.840      -65.240737 
     9.00000     126.850      56.050     136.890      -14.756186 
     9.00000      75.650      30.010     127.370      -16.516969 
     9.00000      50.620      26.690      17.330      -18.694516 
     9.00000     178.600      14.770      48.330      -83.770174 
     9.00000      15.670     116.930      89.290      -35.657393 
     9.00000     136.670      34.810     173.850      -21.280954 
     9.00000     165.650     106.200     176.580      -34.204313 
     9.00000      90.510     160.250      70.430       -5.560361 
     9.00000      32.950     132.490      88.790      -40.061021 
     9.00000      27.840     175.730      76.390      -68.583934 
     9.00000      60.730      31.520     135.800      -32.225198 
     9.00000      46.050      75.180      85.160      -22.169194 
     9.00000       3.870      91.440       4.180      -25.226883 
     9.00000     142.280      41.720      34.340      -56.025937 
     9.00000      46.100      40.860      15.080      -16.772098 
     9.00000      46.790      30.040     147.820      -50.358445 
     9.00000     102.930      44.140     144.100      -10.666743 
     9.00000       3.180     165.560      68.050      -83.832186 
     9.00000     145.740     152.910      67.630      -45.705907 
     9.00000      83.820       2.450     154.800       -4.575840 
     9.00000      96.590      11.630     166.700       -3.866256 
     9.00000      88.160     105.220     164.980      -27.124648 
     9.00000      71.940      96.410     168.310      -26.498452 
     9.00000      91.540      47.920     163.690      -17.214455 
     9.00000      68.150     164.170      85.790      -14.541644 
     9.00000     113.780      71.870     147.670      -19.165971 
     9.00000     125.390     156.860      98.210      -29.530698 
     9.00000      88.360     171.420     178.700       -3.801651 
     9.00000     113.530      32.490     104.080      -14.000323 
     9.00000      93.230      65.140     110.490      -18.500044 
     9.00000     131.340      23.050     104.220      -31.515020 
     9.00000     150.310      20.860      28.850      -70.340163 
     9.00000     155.760      22.680     107.840      -61.833900 
     9.00000     146.920      38.970      38.840      -59.634580 
     9.00000     106.580     114.120      33.300      -18.220333 
     9.00000      93.320     122.690      41.720      -18.416271 
     9.00000       8.230      13.180     167.750      -85.124181 
     9.00000     126.000      33.830      67.580      -33.535040 
     9.00000      55.010      35.020     170.050      -44.346158 
     9.00000      46.220      19.960      23.510      -27.877334 
     9.00000      11.220      27.400     124.580      -74.730190 
     9.00000      47.710      16.690     150.570      -46.924982 
     9.00000      87.530       9.760      63.100       -3.894340 
     9.00000     166.480      68.560      59.250      -35.102751 
     9.00000     102.660      92.410     126.500      -24.372414 
     9.00000      58.060      46.880      10.970      -10.432450 
     9.00000     157.800      76.130     138.650      -22.929008 
     9.00000     101.820     151.080      92.560      -10.170234 
     9.00000     124.980     166.390       9.760      -20.375310 
     9.00000      92.220      15.160       2.050       -6.136008 
     9.00000     105.340     153.090     121.600      -15.426589 
     9.00000      69.010     124.120      86.700      -19.037261 
     9.00000     168.350     142.760      67.520      -58.716548 
     9.00000     147.340     124.930      92.990      -35.861506 
     9.00000     129.650     138.620      28.000      -14.897442 
     9.00000     174.300      38.510      49.020      -64.449847 
     9.00000      10.010      59.140     175.470      -45.881563 
     9.00000      38.640      20.970      15.330      -36.701401 
     9.00000     176.730     143.390      81.940      -64.074941 
     9.00000      93.980     173.760     148.210       -4.505952 
     9.00000     160.120      44.860      79.810      -52.325857 
     9.00000     113.820     164.160     130.230      -20.638599 
     9.00000     136.460     129.130      45.310      -19.386827 
     9.00000       9.140      53.840     167.780      -50.866062 
     9.00000      34.420      60.570      47.270      -22.041699 
     9.00000      69.560       4.480      17.380      -10.583140 
     9.00000      28.800     104.570      36.330      -33.587319 
     9.00000     142.130      92.790     100.760      -22.939197 
     9.00000     112.380      32.080      72.470      -19.610384 
     9.00000     129.280     174.360       1.840      -30.672822 
     9.00000      31.570      99.230     158.950      -21.538469 
     9.00000     173.900      67.120      99.310      -33.347767 
     9.00000      28.960     125.220     153.160      -24.847349 
     9.00000      13.340     145.430     152.000      -56.328733 
     9.00000      16.970      73.940      57.990      -25.694836 
     9.00000     103.490     111.580     160.050      -30.771607 
     9.00000      71.960     178.590      85.320      -10.371770 
     9.00000      50.320     132.720     100.860      -24.081971 
     9.00000     163.250      78.390      44.990      -29.834631 
     9.00000     178.530      53.550     159.030      -45.390562 
     9.00000     129.080      61.360     152.120      -14.661755 
     9.00000     179.310     157.850      22.890      -78.087648 
     9.00000     116.060     179.110      28.680      -17.251274 
     9.00000      87.330     166.790     103.060       -4.373879 
     9.00000      14.590      92.500      48.480      -25.476797 
     9.00000      41.500     135.620     135.350      -22.766536 
     9.00000      60.360     123.230       9.430      -40.099966 
     9.00000      58.930      15.270     140.310      -30.001862 
     9.00000      73.370      12.940      25.440       -6.374069 
     9.00000      84.680      43.510     140.500      -17.376314 
     9.00000      98.770     126.570      20.960      -16.027078 
     9.00000      26.680     154.120      37.550      -70.687272 
     9.00000      16.640      85.160     101.470      -25.181148 
     9.00000      97.990     157.000     163.960      -12.085707 
     9.00000      68.320     159.020     132.850       -9.186297 
     9.00000     174.980       0.770      15.790      -87.242615 
     9.00000      60.170     122.130      80.120      -23.717647 
     9.00000     131.180      15.730      25.980      -45.298674 
     9.00000     151.050      57.080      13.690      -51.528470 
     9.00000      88.840     139.470      24.330      -15.030561 
     9.00000      36.390     105.690     123.080      -20.839250 
     9.00000     108.310      69.890      10.060      -33.391893 
     9.00000      97.160      34.510     150.410       -8.761097 
     9.00000      12.530      66.010     150.340      -39.381088 
     9.00000      25.020     153.070      92.220      -60.948676 
     9.00000     165.900     174.790      83.060      -81.899313 
     9.00000       6.090     160.710     142.780      -77.624855 
     9.00000     124.650      56.390     154.830      -12.975060 
     9.00000      91.480     118.490     157.460      -23.865788 
     9.00000     146.280      80.580      20.890      -31.648019 
     9.00000     140.420     122.770      61.310      -22.968982 
     9.00000     101.200      79.780      72.000      -22.068669 
     9.00000      79.310     127.970      29.080      -25.034874 
     9.00000      65.580      40.340      27.700       -9.024620 
     9.00000     105.300     152.320     103.430      -13.012456 
     9.00000      50.270     164.490     146.430      -26.259209 
     9.00000      57.910      45.590       9.680      -10.298470 
     9.00000     142.380     112.030     162.670      -41.649900 
     9.00000      79.890     118.850      50.090      -23.541161 
     9.00000     167.760     160.000      58.550      -73.809402 
     9.00000      59.060     175.830     136.230      -21.515716 
     9.00000     134.480     136.330      27.670      -17.449322 
     9.00000      57.270     121.800      69.260      -28.001404 
     9.00000      95.460      49.950     127.660      -14.252075 
     9.00000     102.600      55.440     134.150      -14.733045 
     9.00000      54.020      50.190     102.560      -28.419424 
     9.00000      94.700     119.450      83.980      -16.865152 
     9.00000     107.590     139.810     104.990      -17.462789 
     9.00000      61.730     122.850      44.840      -32.937143 
     9.00000      95.760     119.370      75.070      -16.820629 
     9.00000     148.110     125.900      96.610      -37.928012 
     9.00000      10.700     157.520     106.240      -74.116362 
     9.00000       5.160     162.770      48.740      -82.677504 
     9.00000      34.000      23.360      39.700      -43.552799 
     9.00000     149.850     140.150     154.210      -63.160187 
     9.00000     103.280     111.490     123.490      -24.340488 
     9.00000      56.370     133.510      79.170      -26.854075 
     9.00000      73.810       6.030      37.580       -7.585983 
     9.00000      53.190      64.740       4.910      -14.922888 
     9.00000      36.970      11.550      82.740      -52.856974 
     9.00000      25.000      80.250      44.210      -22.501835 
     9.00000      83.140       9.270      46.420       -4.064043 
     9.00000      29.950      82.180      25.520      -22.102819 
     9.00000     108.880     116.970      59.910      -16.371125 
     9.00000     152.830      22.400      69.250      -66.210299 
     9.00000     139.600      97.400      69.890      -21.517938 
     9.00000      67.460       7.950      82.100      -13.775407 
     9.00000      24.390      20.560     134.670      -73.295302 
     9.00000     126.540      13.010     147.870      -23.543991 
     9.00000     105.940      93.810       2.610      -28.083379 
     9.00000       6.040     110.650      98.910      -31.830215 
     9.00000      74.610     108.710      61.280      -24.037021 
     9.00000      35.440     150.050     145.900      -35.737426 
     9.00000      96.170      42.280      74.800      -13.255553 
     9.00000      61.700      83.300      90.300      -21.011162 
     9.00000       6.220      10.930      66.360      -83.799810 
     9.00000      46.530      20.330      20.850      -27.055405 
     9.00000      94.790      12.570      33.460       -6.124748 
     9.00000      96.200      13.170     102.770       -4.789247 
     9.00000      72.430     140.610      86.660      -15.055482 
     9.00000     125.680      70.760      87.730      -22.444833 
     9.00000      89.540      45.940     115.030      -13.691887 
     9.00000      21.570     106.220      94.840      -27.252486 
     9.00000       3.620      57.390      62.900      -41.344059 
     9.00000      89.260      22.770      68.530       -6.230229 
     9.00000     146.190     142.140      72.220      -40.117754 
     9.00000      39.480     171.520      75.220      -52.160705 
     9.00000     161.600      90.820      47.560      -24.551476 
     9.00000     174.970      35.150     154.410      -62.769523 
     9.00000     152.490     133.050      72.730      -39.181335 
     9.00000      28.850      35.650      77.120      -47.966051 
     9.00000     100.170     141.000     125.180      -16.503379 
     9.00000      51.620      55.700      68.170      -19.322227 
     9.00000      54.930     147.860     126.550      -17.638853 
     9.00000       0.360      35.410      66.230      -65.741632 
     9.00000      72.410       1.100       4.950       -9.592666 
     9.00000     166.130     132.560      67.230      -46.847267 
     9.00000     138.300      66.080     158.400      -16.780721 
     9.00000     120.790      33.610     124.100      -14.745572 
     9.00000     169.280     145.910     129.690      -69.397370 
     9.00000     157.900     137.570      27.360      -39.572082 
     9.00000      45.860      99.870       3.070      -33.428980 
     9.00000     173.960      35.790      62.670      -66.571466 
     9.00000     140.260      42.050     103.470      -33.308925 
     9.00000       3.470      50.010     121.620      -51.052892 
     9.00000     170.520      41.390     155.100      -52.395151 
     9.00000     154.700      52.110     177.690      -27.797021 
     9.00000     171.440     109.460     160.350      -34.709810 
     9.00000      63.210     106.820      71.980      -23.815198 
     9.00000      59.970     174.250       9.930      -25.391316 
     9.00000     173.700      97.020      98.420      -25.968865 
     9.00000      55.690      15.020      24.940      -19.503007 
     9.00000      66.530      37.160      15.240       -7.918026 
     9.00000      74.900      22.680      22.330       -5.481205 
     9.00000      42.260     177.660      77.160      -47.429434 
     9.00000      28.850       8.930     127.840      -69.023065 
     9.00000      34.740      72.790     139.940      -35.018025 
     9.00000      96.930      40.200       7.450      -19.459553 
     9.00000      49.020     137.920     138.720      -17.399196 
     9.00000      34.300      54.360      29.070      -21.670794 
     9.00000      19.100      41.950       5.020      -41.833890 
     9.00000     168.100     116.760      53.990      -32.643727 
     9.00000     170.200      66.000     155.510      -30.213101 
     9.00000      29.220     139.290     167.350      -32.402399 
     9.00000       5.050      36.490      12.460      -61.067632 
     9.00000     127.720     142.480      10.660      -13.231310 
     9.00000      38.580      41.420      20.370      -23.168619 
     9.00000     136.400     128.290     113.840      -38.232666 
     9.00000      96.140     121.710      65.690      -16.323545 
     9.00000     100.970     176.160     108.530       -6.344270 
     9.00000      65.270     159.470     103.740      -14.718751 
     9.00000     160.990     149.610      13.920      -53.817346 
     9.00000      17.080     144.940      53.290      -67.293161 
     9.00000       9.790      24.510      61.780      -71.961739 
     9.00000      70.880     161.240      16.060      -19.631876 
     9.00000      52.650      74.500       5.460      -18.967249 
     9.00000     150.080      84.530      10.520      -29.050819 
     9.00000     159.130      78.830      86.550      -26.227732 
     9.00000     158.810     120.690      92.480      -37.466885 
     9.00000     144.390     126.830     107.470      -39.895515 
     9.00000     163.000     147.890      77.740      -61.634663 
     9.00000      85.210     107.100     110.630      -20.102522 
     9.00000     178.450      30.330      37.400      -71.727768 
     9.00000     174.370       6.720      83.390      -86.191013 
     9.00000      10.480       7.550      84.170      -83.639700 
     9.00000      34.950      78.070      11.560      -20.376509 
     9.00000       6.800      73.000     152.530      -32.190315 
     9.00000     144.170     153.870      82.320      -47.913820 
     9.00000     101.620      88.480     172.280      -29.096674 
     9.00000      10.510      32.950     105.840      -68.070455 
     9.00000      92.510      47.110     136.150      -14.662724 
     9.00000     170.150      25.400     166.570      -68.565533 
     9.00000       4.730     133.800     120.030      -52.226453 
     9.00000      41.920      78.970      12.110      -20.478867 
     9.00000      57.930     145.030     154.530      -11.354269 
     9.00000      56.430     140.180       5.870      -43.733674 
     9.00000     101.850       7.330      49.240       -7.918007 
     9.00000      88.510      51.040     143.330      -18.593856 
     9.00000      99.420     145.290      33.040       -8.252187 
     9.00000     157.450      47.320      40.240      -57.373107 
     9.00000      56.700       4.050      46.410      -24.524435 
     9.00000      91.390     147.020      32.740      -10.195920 
     9.00000      84.090      93.680      29.090      -28.055736 
     9.00000     140.840      82.520     174.150      -22.154321 
     9.00000     173.340     153.670      24.480      -70.599688 
     9.00000      29.220     118.860      80.780      -35.044217 
     9.00000     138.940      60.600     149.250      -17.255875 
     9.00000     166.680     168.740      97.380      -81.240411 
     9.00000      54.220     155.690      78.370      -30.736749 
     9.00000     168.340      19.810     118.930      -74.594548 
     9.00000     179.020     103.610     119.410      -28.457616 
     9.00000     149.170      51.060     160.280      -24.685110 
     9.00000     114.500      56.750     129.780      -14.024371 
     9.00000       1.320     146.790      98.360      -67.980516 
     9.00000      46.120     169.370      61.740      -43.900923 
     9.00000     126.680     146.230       2.430      -13.261486 
     9.00000      81.670     142.380      76.820      -12.331510 
     9.00000     123.570     114.590      65.110      -17.779634 
     9.00000      15.390      39.060      89.300      -57.919056 
     9.00000       0.300     160.220      28.060      -80.338677 
     9.00000      48.280      83.420     149.040      -29.295512 
     9.00000      31.340     110.800      37.300      -38.237283 
     9.00000       2.370     127.870     112.940      -47.096369 
     9.00000     166.190     173.090      98.760      -82.267581 
     9.00000     100.310      57.170      80.160      -17.753466 
     9.00000      23.380      27.760      16.000      -51.259736 
     9.00000     170.020     170.760      69.220      -82.778410 
     9.00000     102.130     172.510      69.220       -6.151692 
     9.00000     113.050     173.040     101.500      -15.344663 
     9.00000     144.710      79.890     128.750      -21.223456 
     9.00000     105.780     108.810      50.360      -19.395925 
     9.00000      86.700     162.560     100.020       -5.088508 
     9.00000     166.860      75.520     106.920      -26.973620 
     9.00000      63.030     162.050     135.840      -12.970375 
     9.00000     129.370     104.330     155.800      -34.518697 
     9.00000      82.950      97.210      87.750      -20.870565 
     9.00000      66.950      37.150     107.150      -20.858140 
     9.00000       8.020      69.380     145.540      -35.004995 
     9.00000      79.190      79.610     126.880      -24.892325 
     9.00000     176.840     151.640     101.620      -73.101653 
     9.00000       7.000     171.020      83.860      -85.095198 
     9.00000      88.100      43.240     110.250      -12.834880 
     9.00000      41.670      64.000     151.980      -42.481702 
     9.00000     132.640      86.410     118.330      -21.832131 
     9.00000      25.240      49.400     138.210      -54.776286 
     9.00000     162.350     147.370     154.690      -72.451686 
     9.00000     154.190      39.620      67.230      -56.832805 
     9.00000     109.040      76.200     169.380      -23.153645 
     9.00000     115.240     141.500      74.200      -14.938139 
     9.00000     150.930      81.800     149.320      -22.067913 
     9.00000      57.860      78.630      36.350      -20.642145 
     9.00000     160.830     125.990     143.710      -51.694771 
     9.00000     133.570      37.080       2.280      -53.806165 
     9.00000      64.040     148.510     100.940      -16.104946 
     9.00000      72.770     141.850      50.190      -21.713177 
     9.00000     142.950     105.440      35.130      -19.545333 
     9.00000      62.610      28.030      31.110      -10.188096 
     9.00000      50.880     165.880     151.820      -25.862908 
     9.00000     115.420     118.200     161.600      -36.299919 
     9.00000      48.060      99.530      85.380      -22.485618 
     9.00000      97.960      60.110      98.360      -16.679169 
     9.00000     165.590      47.080     125.520      -45.147320 
     9.00000      26.290     142.310     156.000      -38.982423 
     9.00000      40.660     168.420       8.610      -56.174023 
     9.00000     109.560      87.460     174.330      -28.054121 
     9.00000     164.090     122.730     178.540      -50.000488 
     9.00000     113.960     118.170      91.530      -20.029436 
     9.00000      23.630     118.800      27.770      -46.227715 
     9.00000       1.490     121.100      69.290      -41.299601 
     9.00000       6.700     116.600      75.770      -37.544940 
     9.00000      59.160     142.380     131.180      -13.246058 
     9.00000     154.660       0.990       4.140      -71.976546 
     9.00000     148.990     167.100     136.440      -67.437082 
     9.00000      23.150     147.460     177.560      -46.387421 
     9.00000      42.170      99.410      89.630      -22.676654 
     9.00000      70.750      86.540     156.560      -28.951308 
     9.00000     173.980      81.150      47.020      -27.195306 
     9.00000     169.420     149.740      25.310      -63.336739 
     9.00000       0.390      90.100     145.070      -25.053901 
     9.00000     115.940      71.030     129.040      -18.061340 
     9.00000     154.130     117.960      48.630      -25.980819 
     9.00000      21.570      71.150     104.580      -31.175605 
     9.00000     167.410      15.830      85.260      -79.376003 
     9.00000      48.860     109.310     139.130      -17.593977 
     9.00000      24.140      40.240      51.700      -42.963247 
     9.00000     137.340      88.970       6.840      -27.256897 
     9.00000      96.140     153.340      83.930       -7.410742 
     9.00000     124.640     164.060      43.520      -20.944292 
     9.00000      94.970      50.180     145.340      -15.516407 
     9.00000      27.770      85.920      49.960      -23.176291 
     9.00000      92.460      27.690      46.490       -9.293612 
     9.00000      36.350     152.850     135.670      -38.284909 
     9.00000      81.390     149.010     167.490       -7.299782 
     9.00000     126.610      14.010     133.570      -24.358521 
     9.00000      96.000     121.090     102.900      -17.714445 
     9.00000     105.880      50.980     139.380      -12.537791 
     9.00000     110.720     122.150      79.790      -16.946781 
     9.00000     166.040     111.390     150.480      -37.502750 
     9.00000      97.100      14.890      68.620       -6.498932 
     9.00000      70.650     173.600      95.080      -11.247596 
     9.00000     157.220      22.630       0.480      -76.936244 
     9.00000     134.340      98.350     153.490      -30.851715 
     9.00000     162.300     101.630     120.170      -28.838114 
     9.00000     157.900      23.290      72.990      -69.744508 
     9.00000      51.080     143.000      25.720      -46.912574 
     9.00000      33.940     153.310      67.230      -57.636771 
     9.00000      90.800     145.540     137.940      -11.265833 
     9.00000     113.160      33.050     161.680       -7.591533 
     9.00000      47.260     138.270     118.720      -22.886225 
     9.00000     158.450      38.110     160.790      -43.483216 
     9.00000     116.360      93.520       4.080      -26.795457 
     9.00000      10.660      36.590     130.160      -67.041170 
     9.00000     150.780      65.510     134.210      -22.850161 
     9.00000     162.460     164.250      12.360      -69.658910 
     9.00000      76.830      45.960      85.490      -13.826373 
     9.00000      49.580     128.900      30.110      -45.119502 
     9.00000      28.830     163.430     179.540      -54.137600 
     9.00000       1.390      16.010      83.530      -82.660971 
     9.00000     103.180      66.260      32.690      -28.666632 
     9.00000     166.660      16.500      56.670      -80.849866 
     9.00000      49.600     126.450     156.780      -13.745632 
     9.00000      19.170      83.870      18.940      -23.452720 
     9.00000     134.760      92.460     115.880      -23.446191 
     9.00000      97.840      25.760     155.090       -6.017348 
     9.00000     106.070     143.650     103.190      -15.435707 
     9.00000     109.690     137.400      95.940      -17.141734 
     9.00000     109.290     160.300     122.850      -16.605541 
     9.00000     136.720     151.500     177.760      -57.251845 
     9.00000      20.740      61.210     133.010      -43.401498 
     9.00000      60.760     142.060      61.240      -28.968310 
     9.00000      41.720     155.180      34.260      -55.906516 
     9.00000     148.520     172.030      33.830      -58.420738 
     9.00000      35.000      67.510      91.720      -27.947250 
     9.00000     129.130      67.070      61.170      -30.500286 
     9.00000     137.980     126.260     149.710      -48.198447 
     9.00000      98.710     143.260     124.030      -14.760368 
     9.00000     106.270     153.650     143.250      -18.751735 
     9.00000     160.760      71.380     137.820      -24.704615 
     9.00000      13.170     160.350      96.780      -75.596251 
     9.00000     148.250      69.730     140.670      -20.643127 
     9.00000      87.610     104.610      42.100      -25.097079 
     9.00000      58.490      68.530      67.510      -18.213054 
     9.00000      58.430      68.170     154.380      -36.221083 
     9.00000      13.510      17.950     115.400      -79.451991 
     9.00000      73.310      48.720      83.430      -14.967316 
     9.00000      33.630      43.240       2.530      -25.845325 
     9.00000      60.170      49.550      39.820      -12.176185 
     9.00000     147.720      32.830      68.690      -56.044938 
     9.00000     138.120     144.770      84.980      -37.161683 
     9.00000      25.580      90.140      22.130      -25.372358 
     9.00000     156.640     153.630     109.980      -67.396500 
     9.00000      63.690     170.390      35.630      -22.088863 
     9.00000      64.900     152.930     102.540      -15.136343 
     9.00000      56.380      27.320     134.280      -35.927438 
     9.00000      81.990     118.850     144.690      -18.742923 
     9.00000      38.030     140.430     168.350      -24.066548 
     9.00000      21.450     150.080      88.570      -62.659265 
     9.00000     102.710     133.630      40.400      -11.497363 
     9.00000      28.210       0.970      37.530      -67.314464 
     9.00000      93.840      19.240     108.290       -5.316026 
     9.00000      95.200      60.400     164.850      -20.883454 
     9.00000     177.310      23.860      64.200      -77.433638 
     9.00000      31.790     138.800     121.210      -36.306390 
     9.00000      76.640      33.780     138.640      -18.704648 
     9.00000     108.850      88.030      29.040      -27.836584 
     9.00000     101.390      58.370      88.820      -17.169085 
     9.00000     155.760     163.380     149.290      -75.719227 
     9.00000      60.830      52.330      58.400      -14.598202 
     9.00000      65.120     153.570      47.580      -25.554674 
     9.00000      59.800      69.360     175.930      -37.558148 
     9.00000     178.320     151.510     174.440      -73.727483 
     9.00000      95.460     130.850     155.050      -21.236220 
     9.00000     166.160       2.400      28.260      -83.385130 
     9.00000      91.130     176.870     145.150       -3.581328 
     9.00000     176.270     167.170     106.060      -84.499865 
     9.00000     172.110     147.980      45.720      -64.811528 
     9.00000     131.010      44.400     167.980      -13.901045 
     9.00000      66.730     169.790       9.330      -19.877009 
     9.00000     153.320     140.510      77.530      -47.019331 
     9.00000      27.700     105.470      60.140      -30.911059 
     9.00000      68.100     155.360     150.920       -7.715795 
     9.00000     128.250     138.650     105.240      -32.525172 
     9.00000     160.980      14.300      37.620      -79.649400 
     9.00000     156.810      42.920     149.870      -38.337334 
     9.00000      41.140     157.030     107.250      -40.444673 
     9.00000       2.300     115.290      81.500      -36.044341 
     9.00000      77.020     170.280       8.350      -10.281556 
     9.00000     131.170     102.370     173.420      -34.968723 
     9.00000     133.500      68.950      41.030      -35.832632 
     9.00000      11.670      63.250     178.510      -42.527316 
     9.00000      39.980      54.400      91.730      -31.896194 
     9.00000      10.030       8.490      34.840      -82.134411 
     9.00000      97.790      74.680     126.510      -21.493151 
     9.00000      62.640       7.630     139.790      -22.224457 
     9.00000     164.640      51.750       2.570      -55.520089 
     9.00000     108.640      84.560      51.310      -25.276027 
     9.00000      92.690      98.930      63.630      -22.172618 
     9.00000     146.040     165.810      72.060      -54.644167 
     9.00000      42.200     145.490     177.430      -22.494192 
     9.00000      51.550      47.230     111.090      -33.453854 
     9.00000      17.070      36.990     161.150      -69.474619 
     9.00000       3.260     122.660      42.840      -43.852087 
     9.00000     175.480      76.470     147.660      -27.119303 
     9.00000     112.470     160.370      72.860      -12.530691 
     9.00000     123.580      86.990      99.850      -21.058180 
     9.00000      90.950      45.910      15.750      -17.758978 
     9.00000     179.290     131.030     175.040      -51.572796 
     9.00000     138.790      25.760     125.960      -34.841809 
     9.00000      51.440      40.300     169.480      -48.389484 
     9.00000       4.870     107.730      18.900      -32.226478 
     9.00000      28.880      30.550     105.470      -58.990876 
     9.00000      21.570       5.960      39.710      -73.039137 
     9.00000     169.840     154.630      28.080      -68.783387 
     9.00000       6.460      25.640      28.370      -71.521219 
     9.00000     108.820      59.920      57.100      -25.323595 
